INITIAL STATE 1:
[[ 1  2  3  4]
 [ 5  6  7  8]
 [ 0  9 14 12]
 [13 11 10 15]]
INITIAL STATE 2:
[[ 1  6  2  4]
 [ 9  5  8  0]
 [13  7  3 12]
 [14 10 11 15]]
INITIAL STATE 3:
[[ 1  2  3  4]
 [ 5  6  7  8]
 [ 0  9 10 12]
 [13 14 11 15]]
INITIAL STATE 4:
[[ 1  2  3  4]
 [ 6  7 11  0]
 [ 5  9 12  8]
 [13 10 14 15]]
INITIAL STATE 5:
[[ 1  2  8  3]
 [ 5  6  4  0]
 [ 9 10  7 12]
 [13 14 11 15]]
INITIAL STATE 6:
[[ 1  2  3  4]
 [ 5  6  7  8]
 [10 13 11 12]
 [ 9  0 14 15]]
INITIAL STATE 7:
[[ 1  2  3  4]
 [ 5  6  8 11]
 [ 9 10 15  7]
 [13 14 12  0]]
INITIAL STATE 8:
[[ 1  2  3  4]
 [ 9  5  7  8]
 [ 0  6 11 12]
 [13 10 14 15]]
INITIAL STATE 9:
[[ 1  2  4  7]
 [ 5  6 12  0]
 [ 9 10  8  3]
 [13 14 11 15]]
INITIAL STATE 10:
[[ 1  2  3  4]
 [ 6  0  7  8]
 [ 5  9 11 12]
 [13 10 14 15]]
